# Camera list with one line of data per camera:
#   CAMERA_ID, MODEL, WIDTH, HEIGHT, PARAMS[]
# Number of cameras: 100
1 PINHOLE 400 400 540.29168822850909 542.35170581383625 200 200
2 PINHOLE 400 400 541.54553242659506 545.47067911541876 200 200
3 PINHOLE 400 400 534.48121022172279 536.47641330885267 200 200
4 PINHOLE 400 400 557.14276051303739 556.90318008833538 200 200
5 PINHOLE 400 400 555.16740803619064 554.72824617821618 200 200
6 PINHOLE 400 400 541.05719771109466 543.43899065901883 200 200
7 PINHOLE 400 400 551.89525864729421 553.836843629952 200 200
8 PINHOLE 400 400 561.01474913677259 562.57593108061747 200 200
9 PINHOLE 400 400 550.63140698895654 552.18161446127954 200 200
10 PINHOLE 400 400 537.77092385388403 538.2821948695572 200 200
11 PINHOLE 400 400 555.63390082508124 556.45039902924759 200 200
12 PINHOLE 400 400 541.96529074798229 543.05662241666516 200 200
13 PINHOLE 400 400 538.51327767526243 539.61906951538765 200 200
14 PINHOLE 400 400 543.79482637808712 544.1285986762141 200 200
15 PINHOLE 400 400 550.45987335951759 550.739903577571 200 200
16 PINHOLE 400 400 572.77093946354034 575.26600577540557 200 200
17 PINHOLE 400 400 546.98113037388578 548.72927337217448 200 200
18 PINHOLE 400 400 549.62089588046865 553.73879146940851 200 200
19 PINHOLE 400 400 602.46329396494218 610.79315786436428 200 200
20 PINHOLE 400 400 548.07658501228582 541.03286882428881 200 200
21 PINHOLE 400 400 564.36543320933436 565.39941989152419 200 200
22 PINHOLE 400 400 541.37482930544206 542.50222231027078 200 200
23 PINHOLE 400 400 549.00453025221373 554.22392174285437 200 200
24 PINHOLE 400 400 552.23424072759349 553.66709773778109 200 200
25 PINHOLE 400 400 559.40833199491044 563.12526851857422 200 200
26 PINHOLE 400 400 550.64649044232374 550.80643508141418 200 200
27 PINHOLE 400 400 573.7798285222151 569.95853605878369 200 200
28 PINHOLE 400 400 554.31298294931287 553.36033409187314 200 200
29 PINHOLE 400 400 540.12808259024303 541.77539802649028 200 200
30 PINHOLE 400 400 548.77697613694966 550.48841627090462 200 200
31 PINHOLE 400 400 552.22749538829135 551.44984784357962 200 200
32 PINHOLE 400 400 555.83392726625789 556.20155405223124 200 200
33 PINHOLE 400 400 547.48817609005903 548.50462400555784 200 200
34 PINHOLE 400 400 551.4422160228869 550.0946645011685 200 200
35 PINHOLE 400 400 556.72269979641942 559.38056638027865 200 200
36 PINHOLE 400 400 539.65955913381401 540.79861609951467 200 200
37 PINHOLE 400 400 540.53583524909538 544.58337822875819 200 200
38 PINHOLE 400 400 535.9836701360756 532.76582621652813 200 200
39 PINHOLE 400 400 554.51704106026284 553.39461706587281 200 200
40 PINHOLE 400 400 551.1103505377389 552.17132204164466 200 200
41 PINHOLE 400 400 549.01561675858864 551.18403245265335 200 200
42 PINHOLE 400 400 530.67807518449956 533.2945353060926 200 200
43 PINHOLE 400 400 552.31337415716348 552.17697095786139 200 200
44 PINHOLE 400 400 552.26157908029461 553.82255180816344 200 200
45 PINHOLE 400 400 552.06195737705821 552.23705983669061 200 200
46 PINHOLE 400 400 542.69292957722246 544.73469992787045 200 200
47 PINHOLE 400 400 556.42316445759502 556.19960047657025 200 200
48 PINHOLE 400 400 546.2298281786608 548.62682150079695 200 200
49 PINHOLE 400 400 548.88432872252201 551.49511408793308 200 200
50 PINHOLE 400 400 562.42006395343526 562.92360797188985 200 200
51 PINHOLE 400 400 544.96005940482951 546.6281687724271 200 200
52 PINHOLE 400 400 541.47490492939312 542.93478945493314 200 200
53 PINHOLE 400 400 559.28408780075983 559.35782812373282 200 200
54 PINHOLE 400 400 552.75207504691991 552.43338604823589 200 200
55 PINHOLE 400 400 548.36731639248808 549.92333641382311 200 200
56 PINHOLE 400 400 572.75124387491076 575.79560807117502 200 200
57 PINHOLE 400 400 544.73532540025951 545.67516744375951 200 200
58 PINHOLE 400 400 541.14529354921763 540.81700180839164 200 200
59 PINHOLE 400 400 559.8716777494061 559.62888925964091 200 200
60 PINHOLE 400 400 544.84200618534635 544.3330822586081 200 200
61 PINHOLE 400 400 547.63312022771015 551.11236990154327 200 200
62 PINHOLE 400 400 533.19362769572172 541.49049551724158 200 200
63 PINHOLE 400 400 558.50979983188529 562.06760282987455 200 200
64 PINHOLE 400 400 547.86512884862418 547.40221833548253 200 200
65 PINHOLE 400 400 542.12001463163926 543.74980804597328 200 200
66 PINHOLE 400 400 542.54071377524281 543.28278606132903 200 200
67 PINHOLE 400 400 559.79300480163602 559.96857275806553 200 200
68 PINHOLE 400 400 552.8362912635032 554.26656724558518 200 200
69 PINHOLE 400 400 549.9397723642652 550.95065338234554 200 200
70 PINHOLE 400 400 542.11767632835176 545.29833011807625 200 200
71 PINHOLE 400 400 532.82108560521203 532.9486392956569 200 200
72 PINHOLE 400 400 539.98674587349319 540.6214583559273 200 200
73 PINHOLE 400 400 560.61052323808042 563.16527974474138 200 200
74 PINHOLE 400 400 536.87556402038592 544.25574283199512 200 200
75 PINHOLE 400 400 556.4965497647604 561.82184447918996 200 200
76 PINHOLE 400 400 553.57677249731989 555.58842345412722 200 200
77 PINHOLE 400 400 537.30142054478893 534.74396244936509 200 200
78 PINHOLE 400 400 554.71717953196185 553.38147037108365 200 200
79 PINHOLE 400 400 573.76773688039214 574.40264260243055 200 200
80 PINHOLE 400 400 544.09201409311981 544.40308377998656 200 200
81 PINHOLE 400 400 542.81091848490166 545.79284368793901 200 200
82 PINHOLE 400 400 554.62700523535841 553.7905815338878 200 200
83 PINHOLE 400 400 531.00643819912204 533.99659537477669 200 200
84 PINHOLE 400 400 549.32533789375054 550.61108129071238 200 200
85 PINHOLE 400 400 559.75223197829177 559.37773895747 200 200
86 PINHOLE 400 400 551.68422638460368 550.57137543585077 200 200
87 PINHOLE 400 400 565.90369499907149 566.33010434608138 200 200
88 PINHOLE 400 400 552.08135763460575 553.14229545411069 200 200
89 PINHOLE 400 400 552.64226168457128 560.06165619257399 200 200
90 PINHOLE 400 400 545.76217472575149 547.95917280119818 200 200
91 PINHOLE 400 400 551.85667294885627 553.6206780562959 200 200
92 PINHOLE 400 400 555.3499836881914 556.14954320765662 200 200
93 PINHOLE 400 400 556.56631965614099 559.55445494770515 200 200
94 PINHOLE 400 400 557.56243669361243 556.97035347743315 200 200
95 PINHOLE 400 400 547.05921440073178 548.75749206655894 200 200
96 PINHOLE 400 400 551.20286896784444 552.77099572899965 200 200
97 PINHOLE 400 400 545.72710505062128 547.49799650087562 200 200
98 PINHOLE 400 400 533.73564535975277 536.4388741456869 200 200
99 PINHOLE 400 400 550.2434054403742 555.16617934803935 200 200
100 PINHOLE 400 400 551.02923314122188 551.26013880549669 200 200
