# Camera list with one line of data per camera:
#   CAMERA_ID, MODEL, WIDTH, HEIGHT, PARAMS[]
# Number of cameras: 100
1 PINHOLE 800 800 1118.6844677276147 1119.9155947449258 400 400
2 PINHOLE 800 800 1117.5337207291916 1115.8778288146368 400 400
3 PINHOLE 800 800 1129.2201798851702 1134.5205566513957 400 400
4 PINHOLE 800 800 1118.5031329450403 1117.5227743799389 400 400
5 PINHOLE 800 800 1089.1702866989042 1094.588377740914 400 400
6 PINHOLE 800 800 1095.4615977157782 1102.4723001884161 400 400
7 PINHOLE 800 800 1112.9098753474252 1120.5837592497919 400 400
8 PINHOLE 800 800 1105.3163936784379 1105.1064534060788 400 400
9 PINHOLE 800 800 1113.9400706625015 1118.8886035237078 400 400
10 PINHOLE 800 800 1116.7360233556146 1122.3118024612418 400 400
11 PINHOLE 800 800 1113.7722499337863 1122.9459587663914 400 400
12 PINHOLE 800 800 1122.0897009712853 1124.4362080882838 400 400
13 PINHOLE 800 800 1098.0214380779316 1104.2997854318398 400 400
14 PINHOLE 800 800 1116.8386526159104 1118.246009391921 400 400
15 PINHOLE 800 800 1094.6874528540077 1098.7639774575478 400 400
16 PINHOLE 800 800 1106.0339987904235 1106.3791561763346 400 400
17 PINHOLE 800 800 1115.907721284738 1117.4387852362643 400 400
18 PINHOLE 800 800 1094.9307678022069 1101.1288594787225 400 400
19 PINHOLE 800 800 1106.7249486940223 1111.6631933484693 400 400
20 PINHOLE 800 800 1101.3987268147102 1109.9034127112259 400 400
21 PINHOLE 800 800 1110.0957748170008 1114.0579098790924 400 400
22 PINHOLE 800 800 1112.1247824279269 1117.3391792603707 400 400
23 PINHOLE 800 800 1122.5679040962611 1125.5907189605377 400 400
24 PINHOLE 800 800 1125.1138852132522 1132.6728209046457 400 400
25 PINHOLE 800 800 1109.9068084835726 1111.2399914467394 400 400
26 PINHOLE 800 800 1097.8156516310812 1108.7891390152188 400 400
27 PINHOLE 800 800 1104.1539364061314 1112.5415716953376 400 400
28 PINHOLE 800 800 1115.5775744444582 1121.3252277504116 400 400
29 PINHOLE 800 800 1108.1668443880699 1109.1920933408021 400 400
30 PINHOLE 800 800 1115.9361674185536 1117.288725331395 400 400
31 PINHOLE 800 800 1098.4948748769909 1098.4247618319484 400 400
32 PINHOLE 800 800 1099.0817838612372 1104.2506742833987 400 400
33 PINHOLE 800 800 1104.7416391056397 1109.0685304635065 400 400
34 PINHOLE 800 800 1122.0928542822294 1123.7205575601395 400 400
35 PINHOLE 800 800 1119.4590813090645 1121.8503552658922 400 400
36 PINHOLE 800 800 1111.9198120507704 1114.9082516119265 400 400
37 PINHOLE 800 800 1106.2547408479754 1109.5289997929867 400 400
38 PINHOLE 800 800 1112.2567902575356 1114.975712684354 400 400
39 PINHOLE 800 800 1112.3852148523506 1116.8269474763345 400 400
40 PINHOLE 800 800 1116.2799500707658 1119.8220989062695 400 400
41 PINHOLE 800 800 1112.5275576956699 1117.0221574753548 400 400
42 PINHOLE 800 800 1107.0949186107759 1113.3962204710208 400 400
43 PINHOLE 800 800 1102.9014011758431 1105.8463836007027 400 400
44 PINHOLE 800 800 1106.1616004919813 1107.9138207471256 400 400
45 PINHOLE 800 800 1102.7529781908652 1107.0760502709779 400 400
46 PINHOLE 800 800 1113.170544470546 1120.5525899750994 400 400
47 PINHOLE 800 800 1114.1660506262756 1122.3221316020897 400 400
48 PINHOLE 800 800 1119.3616910572102 1125.6974577115886 400 400
49 PINHOLE 800 800 1100.4968116233549 1101.4661805941168 400 400
50 PINHOLE 800 800 1126.0559576272833 1127.1996365083876 400 400
51 PINHOLE 800 800 1114.5730747008688 1114.3765335061187 400 400
52 PINHOLE 800 800 1126.2561184913684 1132.0853214455924 400 400
53 PINHOLE 800 800 1094.6230742285472 1100.3713453554849 400 400
54 PINHOLE 800 800 1115.8925601170652 1118.6509130237987 400 400
55 PINHOLE 800 800 1099.0879668362636 1100.0193070660387 400 400
56 PINHOLE 800 800 1124.8894272857374 1131.5340074132996 400 400
57 PINHOLE 800 800 1081.6510873978143 1091.9400793123784 400 400
58 PINHOLE 800 800 1113.5398848542918 1120.4350970525252 400 400
59 PINHOLE 800 800 1120.2956388056261 1123.4800438573573 400 400
60 PINHOLE 800 800 1110.249879448942 1115.7651402403835 400 400
61 PINHOLE 800 800 1102.6533958093551 1106.2193378911875 400 400
62 PINHOLE 800 800 1096.0678486455363 1094.3415752310266 400 400
63 PINHOLE 800 800 1100.4276255906607 1101.2476205501462 400 400
64 PINHOLE 800 800 1103.9321143594493 1109.8281792599028 400 400
65 PINHOLE 800 800 1096.3802563231752 1102.6354075614993 400 400
66 PINHOLE 800 800 1102.9371390551712 1103.7169235951524 400 400
67 PINHOLE 800 800 1124.059825403564 1127.411088345495 400 400
68 PINHOLE 800 800 1104.8222430311719 1107.4575824284163 400 400
69 PINHOLE 800 800 1107.8430333851629 1116.7108820060987 400 400
70 PINHOLE 800 800 1108.9016815933376 1108.5127528559708 400 400
71 PINHOLE 800 800 1097.4142975295399 1103.529483793578 400 400
72 PINHOLE 800 800 1115.8168841951472 1120.8834240775661 400 400
73 PINHOLE 800 800 1109.0283642147954 1108.3794363741106 400 400
74 PINHOLE 800 800 1118.432329829182 1119.1135346223675 400 400
75 PINHOLE 800 800 1107.7259392436283 1115.6910737677592 400 400
76 PINHOLE 800 800 1098.8623278304542 1101.5172380369504 400 400
77 PINHOLE 800 800 1114.5524094126447 1117.8319522975435 400 400
78 PINHOLE 800 800 1123.525694720865 1123.4336584456878 400 400
79 PINHOLE 800 800 1114.9896823754698 1121.7678432223297 400 400
80 PINHOLE 800 800 1117.6124822338936 1125.9232481932409 400 400
81 PINHOLE 800 800 1107.1728081947554 1107.5150888480421 400 400
82 PINHOLE 800 800 1102.955960610848 1106.0988185448143 400 400
83 PINHOLE 800 800 1112.8524259125354 1113.385291796259 400 400
84 PINHOLE 800 800 1103.4016886809106 1103.7620043192405 400 400
85 PINHOLE 800 800 1127.2543046345913 1131.9509155725364 400 400
86 PINHOLE 800 800 1120.0350982714301 1130.6533244673303 400 400
87 PINHOLE 800 800 1112.517505901187 1116.8175899869218 400 400
88 PINHOLE 800 800 1145.1949337733222 1148.9565987846372 400 400
89 PINHOLE 800 800 1118.2386580776229 1124.2666241001334 400 400
90 PINHOLE 800 800 1120.8921154475984 1122.9765870149729 400 400
91 PINHOLE 800 800 1117.7475685342031 1122.9169020719016 400 400
92 PINHOLE 800 800 1103.0689592965809 1110.3749629863169 400 400
93 PINHOLE 800 800 1097.3186513475066 1104.2666611723762 400 400
94 PINHOLE 800 800 1118.9885604967048 1124.3229404865838 400 400
95 PINHOLE 800 800 1131.0769702740909 1130.6651110330533 400 400
96 PINHOLE 800 800 1115.0916013167305 1120.5418327408127 400 400
97 PINHOLE 800 800 1117.3736332865867 1122.4666254253445 400 400
98 PINHOLE 800 800 1104.9146639942003 1105.9081930739508 400 400
99 PINHOLE 800 800 1066.0894975813499 1073.163745613057 400 400
100 PINHOLE 800 800 1110.2973883708405 1115.1528576103183 400 400
